0 -2
0.1 -1.63747
0.2 -1.34623
0.3 -1.10611
0.4 -0.908896
0.5 -0.746838
0.6 -0.613676
0.7 -0.504257
0.8 -0.414348
0.9 -0.340469
1 -0.279763
1.1 -0.229881
1.2 -0.188893
1.3 -0.155213
1.4 -0.127539
1.5 -0.104798
1.6 -0.0861127
1.7 -0.0707587
1.8 -0.0581424
1.9 -0.0477755
2 -0.0392571
2.1 -0.0322575
2.2 -0.026506
2.3 -0.0217799
2.4 -0.0178966
2.5 -0.0147056
2.6 -0.0120836
2.7 -0.00992905
2.8 -0.00815869
2.9 -0.00670399
3 -0.00550866
3.1 -0.00452646
3.2 -0.00371939
3.3 -0.00305622
3.4 -0.00251129
3.5 -0.00206353
3.6 -0.0016956
3.7 -0.00139327
3.8 -0.00114485
3.9 -0.000940722
4 -0.00077299
4.1 -0.000635165
4.2 -0.000521915
4.3 -0.000428857
4.4 -0.000352391
4.5 -0.00028956
4.6 -0.000237931
4.7 -0.000195508
4.8 -0.000160648
4.9 -0.000132005
5 -0.000108468
5.1 -8.91281e-05
5.2 -7.32365e-05
5.3 -6.01784e-05
5.4 -4.94485e-05
5.5 -4.06318e-05
5.6 -3.33871e-05
5.7 -2.74341e-05
5.8 -2.25426e-05
5.9 -1.85232e-05
6 -1.52205e-05
6.1 -1.25067e-05
6.2 -1.02767e-05
6.3 -8.44439e-06
6.4 -6.93875e-06
6.5 -5.70156e-06
6.6 -4.68497e-06
6.7 -3.84963e-06
6.8 -3.16324e-06
6.9 -2.59923e-06
7 -2.13579e-06
7.1 -1.75497e-06
7.2 -1.44206e-06
7.3 -1.18494e-06
7.4 -9.73664e-07
7.5 -8.00058e-07
7.6 -6.57407e-07
7.7 -5.40191e-07
7.8 -4.43874e-07
7.9 -3.64731e-07
8 -2.99699e-07
8.1 -2.46263e-07
8.2 -2.02354e-07
8.3 -1.66274e-07
8.4 -1.36627e-07
8.5 -1.12266e-07
8.6 -9.22491e-08
8.7 -7.5801e-08
8.8 -6.22856e-08
8.9 -5.11801e-08
9 -4.20546e-08
9.1 -3.45562e-08
9.2 -2.83948e-08
9.3 -2.3332e-08
9.4 -1.91719e-08
9.5 -1.57535e-08
9.6 -1.29446e-08
9.7 -1.06366e-08
9.8 -8.74009e-09
9.9 -7.18172e-09
10 -5.90121e-09
10.1 -4.84902e-09
10.2 -3.98444e-09
10.3 -3.27401e-09
10.4 -2.69025e-09
10.5 -2.21058e-09
10.6 -1.81643e-09
10.7 -1.49256e-09
10.8 -1.22643e-09
10.9 -1.00776e-09
11 -8.28074e-10
11.1 -6.80428e-10
11.2 -5.59107e-10
11.3 -4.59418e-10
11.4 -3.77503e-10
11.5 -3.10194e-10
11.6 -2.54886e-10
11.7 -2.0944e-10
11.8 -1.72096e-10
11.9 -1.41411e-10
12 -1.16198e-10
12.1 -9.54795e-11
12.2 -7.84554e-11
12.3 -6.44667e-11
12.4 -5.29722e-11
12.5 -4.35272e-11
12.6 -3.57663e-11
12.7 -2.93891e-11
12.8 -2.4149e-11
12.9 -1.98432e-11
13 -1.63052e-11
13.1 -1.33979e-11
13.2 -1.10091e-11
13.3 -9.04614e-12
13.4 -7.43321e-12
13.5 -6.10786e-12
13.6 -5.01882e-12
13.7 -4.12396e-12
13.8 -3.38866e-12
13.9 -2.78445e-12
14 -2.28798e-12
14.1 -1.88003e-12
14.2 -1.54482e-12
14.3 -1.26938e-12
14.4 -1.04305e-12
14.5 -8.57071e-13
14.6 -7.04255e-13
14.7 -5.78685e-13
14.8 -4.75505e-13
14.9 -3.90722e-13
15 -3.21056e-13
15.1 -2.63811e-13
15.2 -2.16774e-13
15.3 -1.78123e-13
15.4 -1.46363e-13
15.5 -1.20267e-13
15.6 -9.88229e-14
15.7 -8.12027e-14
15.8 -6.67242e-14
15.9 -5.48272e-14
16 -4.50514e-14
16.1 -3.70187e-14
16.2 -3.04183e-14
16.3 -2.49947e-14
16.4 -2.05381e-14
16.5 -1.68761e-14
16.6 -1.38671e-14
16.7 -1.13946e-14
16.8 -9.36291e-15
16.9 -7.6935e-15
17 -6.32174e-15
17.1 -5.19457e-15
17.2 -4.26837e-15
17.3 -3.50732e-15
17.4 -2.88196e-15
17.5 -2.3681e-15
17.6 -1.94587e-15
17.7 -1.59892e-15
17.8 -1.31383e-15
17.9 -1.07957e-15
18 -8.87083e-16
18.1 -7.28916e-16
18.2 -5.98949e-16
18.3 -4.92156e-16
18.4 -4.04404e-16
18.5 -3.32299e-16
18.6 -2.73049e-16
18.7 -2.24364e-16
18.8 -1.8436e-16
18.9 -1.51488e-16
19 -1.24478e-16
19.1 -1.02283e-16
19.2 -8.40462e-17
19.3 -6.90607e-17
19.4 -5.67471e-17
19.5 -4.6629e-17
19.6 -3.8315e-17
19.7 -3.14834e-17
19.8 -2.58699e-17
19.9 -2.12573e-17
20 -1.74671e-17
20.1 -1.43527e-17
20.2 -1.17936e-17
20.3 -9.69078e-18
20.4 -7.9629e-18
20.5 -6.54311e-18
20.6 -5.37647e-18
20.7 -4.41784e-18
20.8 -3.63013e-18
20.9 -2.98288e-18
21 -2.45103e-18
21.1 -2.01401e-18
21.2 -1.65491e-18
21.3 -1.35984e-18
21.4 -1.11738e-18
21.5 -9.18147e-19
21.6 -7.5444e-19
21.7 -6.19923e-19
21.8 -5.0939e-19
21.9 -4.18565e-19
22 -3.43935e-19
22.1 -2.82611e-19
22.2 -2.32221e-19
22.3 -1.90816e-19
22.4 -1.56793e-19
22.5 -1.28837e-19
22.6 -1.05865e-19
22.7 -8.69892e-20
22.8 -7.1479e-20
22.9 -5.87342e-20
23 -4.82618e-20
23.1 -3.96567e-20
23.2 -3.25859e-20
23.3 -2.67758e-20
23.4 -2.20016e-20
23.5 -1.80787e-20
23.6 -1.48553e-20
23.7 -1.22066e-20
23.8 -1.00301e-20
23.9 -8.24174e-21
24 -6.77223e-21
24.1 -5.56474e-21
24.2 -4.57254e-21
24.3 -3.75725e-21
24.4 -3.08733e-21
24.5 -2.53686e-21
24.6 -2.08453e-21
24.7 -1.71286e-21
24.8 -1.40745e-21
24.9 -1.1565e-21
25 -9.50298e-22
25.1 -7.80859e-22
25.2 -6.41631e-22
25.3 -5.27227e-22
25.4 -4.33222e-22
25.5 -3.55978e-22
25.6 -2.92507e-22
25.7 -2.40353e-22
25.8 -1.97498e-22
25.9 -1.62284e-22
26 -1.33348e-22
26.1 -1.09572e-22
26.2 -9.00354e-23
26.3 -7.3982e-23
26.4 -6.07909e-23
26.5 -4.99518e-23
26.6 -4.10454e-23
26.7 -3.37269e-23
26.8 -2.77134e-23
26.9 -2.27721e-23
27 -1.87118e-23
27.1 -1.53755e-23
27.2 -1.2634e-23
27.3 -1.03813e-23
27.4 -8.53034e-24
27.5 -7.00938e-24
27.6 -5.7596e-24
27.7 -4.73266e-24
27.8 -3.88882e-24
27.9 -3.19544e-24
28 -2.62569e-24
28.1 -2.15753e-24
28.2 -1.77284e-24
28.3 -1.45674e-24
28.4 -1.197e-24
28.5 -9.83574e-25
28.6 -8.08202e-25
28.7 -6.64099e-25
28.8 -5.4569e-25
28.9 -4.48393e-25
29 -3.68444e-25
29.1 -3.0275e-25
29.2 -2.48769e-25
29.3 -2.04413e-25
29.4 -1.67966e-25
29.5 -1.38018e-25
29.6 -1.13409e-25
29.7 -9.31882e-26
29.8 -7.65726e-26
29.9 -6.29196e-26
30 -5.1701e-26
30.1 -4.24827e-26
30.2 -3.4908e-26
30.3 -2.86839e-26
30.4 -2.35695e-26
30.5 -1.9367e-26
30.6 -1.59139e-26
30.7 -1.30764e-26
30.8 -1.07449e-26
30.9 -8.82905e-27
31 -7.25483e-27
31.1 -5.96128e-27
31.2 -4.89838e-27
31.3 -4.02499e-27
31.4 -3.30733e-27
31.5 -2.71763e-27
31.6 -2.23308e-27
31.7 -1.83492e-27
31.8 -1.50775e-27
31.9 -1.23892e-27
32 -1.01802e-27
32.1 -8.36503e-28
32.2 -6.87354e-28
32.3 -5.64798e-28
32.4 -4.64094e-28
32.5 -3.81346e-28
32.6 -3.13351e-28
32.7 -2.57481e-28
32.8 -2.11571e-28
32.9 -1.73848e-28
33 -1.42851e-28
33.1 -1.1738e-28
33.2 -9.64513e-29
33.3 -7.9254e-29
33.4 -6.51229e-29
33.5 -5.35114e-29
33.6 -4.39703e-29
33.7 -3.61304e-29
33.8 -2.96883e-29
33.9 -2.43948e-29
34 -2.00452e-29
34.1 -1.64711e-29
34.2 -1.35343e-29
34.3 -1.11211e-29
34.4 -9.13822e-30
34.5 -7.50887e-30
34.6 -6.17003e-30
34.7 -5.06991e-30
34.8 -4.16594e-30
34.9 -3.42315e-30
35 -2.8128e-30
35.1 -2.31127e-30
35.2 -1.89917e-30
35.3 -1.56055e-30
35.4 -1.2823e-30
35.5 -1.05366e-30
35.6 -8.65795e-31
35.7 -7.11423e-31
35.8 -5.84576e-31
35.9 -4.80345e-31
36 -3.94699e-31
36.1 -3.24324e-31
36.2 -2.66497e-31
36.3 -2.1898e-31
36.4 -1.79936e-31
36.5 -1.47853e-31
36.6 -1.21491e-31
36.7 -9.98288e-32
36.8 -8.20292e-32
36.9 -6.74033e-32
37 -5.53853e-32
37.1 -4.551e-32
37.2 -3.73955e-32
37.3 -3.07279e-32
37.4 -2.52491e-32
37.5 -2.07471e-32
37.6 -1.70479e-32
37.7 -1.40082e-32
37.8 -1.15106e-32
37.9 -9.45822e-33
38 -7.77181e-33
38.1 -6.38609e-33
38.2 -5.24744e-33
38.3 -4.31182e-33
38.4 -3.54302e-33
38.5 -2.91129e-33
38.6 -2.39221e-33
38.7 -1.96567e-33
38.8 -1.61519e-33
38.9 -1.3272e-33
39 -1.09056e-33
39.1 -8.96113e-34
39.2 -7.36335e-34
39.3 -6.05046e-34
39.4 -4.97166e-34
39.5 -4.08521e-34
39.6 -3.35681e-34
39.7 -2.75829e-34
39.8 -2.26648e-34
39.9 -1.86237e-34
40 -1.5303e-34
40.1 -1.25745e-34
40.2 -1.03325e-34
40.3 -8.49017e-35
40.4 -6.97636e-35
40.5 -5.73247e-35
40.6 -4.71037e-35
40.7 -3.8705e-35
40.8 -3.18039e-35
40.9 -2.61332e-35
41 -2.14736e-35
41.1 -1.76449e-35
41.2 -1.44988e-35
41.3 -1.19136e-35
41.4 -9.78942e-36
41.5 -8.04396e-36
41.6 -6.60971e-36
41.7 -5.43119e-36
41.8 -4.46281e-36
41.9 -3.66708e-36
42 -3.01324e-36
42.1 -2.47598e-36
42.2 -2.03451e-36
42.3 -1.67175e-36
42.4 -1.37368e-36
42.5 -1.12875e-36
42.6 -9.27493e-37
42.7 -7.6212e-37
42.8 -6.26233e-37
42.9 -5.14575e-37
43 -4.22826e-37
43.1 -3.47436e-37
43.2 -2.85488e-37
43.3 -2.34585e-37
43.4 -1.92758e-37
43.5 -1.58389e-37
43.6 -1.30148e-37
43.7 -1.06943e-37
43.8 -8.78747e-38
43.9 -7.22066e-38
44 -5.93321e-38
44.1 -4.87531e-38
44.2 -4.00604e-38
44.3 -3.29176e-38
44.4 -2.70483e-38
44.5 -2.22256e-38
44.6 -1.82628e-38
44.7 -1.50065e-38
44.8 -1.23308e-38
44.9 -1.01322e-38
45 -8.32563e-39
45.1 -6.84117e-39
45.2 -5.62138e-39
45.3 -4.61908e-39
45.4 -3.7955e-39
45.5 -3.11876e-39
45.6 -2.56268e-39
45.7 -2.10575e-39
45.8 -1.73029e-39
45.9 -1.42178e-39
46 -1.16828e-39
46.1 -9.59971e-40
46.2 -7.88807e-40
46.3 -6.48162e-40
46.4 -5.32594e-40
46.5 -4.37632e-40
46.6 -3.59602e-40
46.7 -2.95485e-40
46.8 -2.42799e-40
46.9 -1.99508e-40
47 -1.63936e-40
47.1 -1.34706e-40
47.2 -1.10688e-40
47.3 -9.09518e-41
47.4 -7.4735e-41
47.5 -6.14097e-41
47.6 -5.04603e-41
47.7 -4.14632e-41
47.8 -3.40703e-41
47.9 -2.79955e-41
48 -2.30039e-41
48.1 -1.89023e-41
48.2 -1.5532e-41
48.3 -1.27626e-41
48.4 -1.0487e-41
48.5 -8.61718e-42
48.6 -7.08072e-42
48.7 -5.81822e-42
48.8 -4.78083e-42
48.9 -3.9284e-42
49 -3.22797e-42
49.1 -2.65242e-42
49.2 -2.17949e-42
49.3 -1.79088e-42
49.4 -1.47157e-42
49.5 -1.20919e-42
49.6 -9.93586e-43
49.7 -8.16429e-43
49.8 -6.70859e-43
49.9 -5.51244e-43
50 -4.52957e-43
50.1 -3.72194e-43
50.2 -3.05832e-43
50.3 -2.51302e-43
50.4 -2.06494e-43
50.5 -1.69676e-43
50.6 -1.39423e-43
50.7 -1.14563e-43
50.8 -9.41367e-44
50.9 -7.73521e-44
51 -6.35601e-44
51.1 -5.22273e-44
51.2 -4.29151e-44
51.3 -3.52633e-44
51.4 -2.89758e-44
51.5 -2.38094e-44
51.6 -1.95642e-44
51.7 -1.60759e-44
51.8 -1.32095e-44
51.9 -1.08542e-44
52 -8.91893e-45
52.1 -7.32867e-45
52.2 -6.02196e-45
52.3 -4.94824e-45
52.4 -4.06597e-45
52.5 -3.341e-45
52.6 -2.7453e-45
52.7 -2.25581e-45
52.8 -1.85359e-45
52.9 -1.5231e-45
53 -1.25153e-45
53.1 -1.02838e-45
53.2 -8.45018e-46
53.3 -6.94351e-46
53.4 -5.70547e-46
53.5 -4.68818e-46
53.6 -3.85227e-46
53.7 -3.16541e-46
53.8 -2.60101e-46
53.9 -2.13725e-46
54 -1.75618e-46
54.1 -1.44305e-46
54.2 -1.18575e-46
54.3 -9.74331e-47
54.4 -8.00607e-47
54.5 -6.57858e-47
54.6 -5.40561e-47
54.7 -4.44179e-47
54.8 -3.64981e-47
54.9 -2.99905e-47
55 -2.46431e-47
55.1 -2.02493e-47
55.2 -1.66388e-47
55.3 -1.36721e-47
55.4 -1.12343e-47
55.5 -9.23124e-48
55.6 -7.5853e-48
55.7 -6.23284e-48
55.8 -5.12152e-48
55.9 -4.20834e-48
56 -3.45799e-48
56.1 -2.84143e-48
56.2 -2.3348e-48
56.3 -1.9185e-48
56.4 -1.57643e-48
56.5 -1.29535e-48
56.6 -1.06439e-48
56.7 -8.74608e-49
56.8 -7.18665e-49
56.9 -5.90526e-49
57 -4.85235e-49
57.1 -3.98717e-49
57.2 -3.27625e-49
57.3 -2.69209e-49
57.4 -2.21209e-49
57.5 -1.81767e-49
57.6 -1.49358e-49
57.7 -1.22727e-49
57.8 -1.00845e-49
57.9 -8.28642e-50
58 -6.80894e-50
58.1 -5.5949e-50
58.2 -4.59733e-50
58.3 -3.77762e-50
58.4 -3.10407e-50
58.5 -2.55061e-50
58.6 -2.09583e-50
58.7 -1.72214e-50
58.8 -1.41508e-50
58.9 -1.16277e-50
59 -9.55449e-51
59.1 -7.85092e-51
59.2 -6.45109e-51
59.3 -5.30086e-51
59.4 -4.35571e-51
59.5 -3.57908e-51
59.6 -2.94093e-51
59.7 -2.41656e-51
59.8 -1.98568e-51
59.9 -1.63163e-51
60 -1.34071e-51
60.1 -1.10166e-51
60.2 -9.05235e-52
60.3 -7.4383e-52
60.4 -6.11205e-52
60.5 -5.02226e-52
60.6 -4.12679e-52
60.7 -3.39098e-52
60.8 -2.78636e-52
60.9 -2.28955e-52
61 -1.88132e-52
61.1 -1.54588e-52
61.2 -1.27025e-52
61.3 -1.04376e-52
61.4 -8.57659e-53
61.5 -7.04738e-53
61.6 -5.79082e-53
61.7 -4.75831e-53
61.8 -3.9099e-53
61.9 -3.21276e-53
62 -2.63992e-53
62.1 -2.16922e-53
62.2 -1.78245e-53
62.3 -1.46464e-53
62.4 -1.20349e-53
62.5 -9.88907e-54
62.6 -8.12584e-54
62.7 -6.67699e-54
62.8 -5.48648e-54
62.9 -4.50823e-54
63 -3.70441e-54
63.1 -3.04391e-54
63.2 -2.50118e-54
63.3 -2.05522e-54
63.4 -1.68877e-54
63.5 -1.38766e-54
63.6 -1.14024e-54
63.7 -9.36933e-55
63.8 -7.69877e-55
63.9 -6.32607e-55
64 -5.19813e-55
64.1 -4.2713e-55
64.2 -3.50972e-55
64.3 -2.88394e-55
64.4 -2.36973e-55
64.5 -1.9472e-55
64.6 -1.60001e-55
64.7 -1.31473e-55
64.8 -1.08031e-55
64.9 -8.87692e-56
65 -7.29416e-56
65.1 -5.9936e-56
65.2 -4.92494e-56
65.3 -4.04682e-56
65.4 -3.32526e-56
65.5 -2.73237e-56
65.6 -2.24518e-56
65.7 -1.84486e-56
65.8 -1.51592e-56
65.9 -1.24563e-56
66 -1.02354e-56
66.1 -8.41038e-57
66.2 -6.9108e-57
66.3 -5.6786e-57
66.4 -4.6661e-57
66.5 -3.83413e-57
66.6 -3.1505e-57
66.7 -2.58876e-57
66.8 -2.12718e-57
66.9 -1.74791e-57
67 -1.43625e-57
67.1 -1.18017e-57
67.2 -9.69742e-58
67.3 -7.96836e-58
67.4 -6.5476e-58
67.5 -5.38015e-58
67.6 -4.42087e-58
67.7 -3.63262e-58
67.8 -2.98492e-58
67.9 -2.45271e-58
68 -2.01539e-58
68.1 -1.65604e-58
68.2 -1.36077e-58
68.3 -1.11814e-58
68.4 -9.18776e-59
68.5 -7.54958e-59
68.6 -6.20348e-59
68.7 -5.09739e-59
68.8 -4.18852e-59
68.9 -3.44171e-59
69 -2.82805e-59
69.1 -2.3238e-59
69.2 -1.90947e-59
69.3 -1.56901e-59
69.4 -1.28925e-59
69.5 -1.05938e-59
69.6 -8.70489e-60
69.7 -7.1528e-60
69.8 -5.87745e-60
69.9 -4.82949e-60
70 -3.96839e-60
70.1 -3.26082e-60
70.2 -2.67942e-60
70.3 -2.20167e-60
70.4 -1.80911e-60
70.5 -1.48655e-60
70.6 -1.22149e-60
70.7 -1.0037e-60
70.8 -8.24739e-61
70.9 -6.77688e-61
71 -5.56855e-61
71.1 -4.57567e-61
71.2 -3.75983e-61
71.3 -3.08945e-61
71.4 -2.5386e-61
71.5 -2.08596e-61
71.6 -1.71403e-61
71.7 -1.40842e-61
71.8 -1.1573e-61
71.9 -9.50949e-62
72 -7.81394e-62
72.1 -6.42071e-62
72.2 -5.27589e-62
72.3 -4.33519e-62
72.4 -3.56222e-62
72.5 -2.92708e-62
72.6 -2.40518e-62
72.7 -1.97633e-62
72.8 -1.62395e-62
72.9 -1.3344e-62
73 -1.09647e-62
73.1 -9.00971e-63
73.2 -7.40327e-63
73.3 -6.08326e-63
73.4 -4.99861e-63
73.5 -4.10735e-63
73.6 -3.37501e-63
73.7 -2.77324e-63
73.8 -2.27877e-63
73.9 -1.87246e-63
74 -1.5386e-63
74.1 -1.26427e-63
74.2 -1.03885e-63
74.3 -8.53619e-64
74.4 -7.01418e-64
74.5 -5.76355e-64
74.6 -4.7359e-64
74.7 -3.89149e-64
74.8 -3.19763e-64
74.9 -2.62749e-64
75 -2.15901e-64
75.1 -1.77405e-64
75.2 -1.45774e-64
75.3 -1.19782e-64
75.4 -9.84249e-65
75.5 -8.08756e-65
75.6 -6.64554e-65
75.7 -5.46064e-65
75.8 -4.487e-65
75.9 -3.68696e-65
76 -3.02958e-65
76.1 -2.4894e-65
76.2 -2.04554e-65
76.3 -1.68082e-65
76.4 -1.38112e-65
76.5 -1.13487e-65
76.6 -9.32521e-66
76.7 -7.66251e-66
76.8 -6.29628e-66
76.9 -5.17365e-66
77 -4.25118e-66
77.1 -3.49319e-66
77.2 -2.87035e-66
77.3 -2.35857e-66
77.4 -1.93803e-66
77.5 -1.59248e-66
77.6 -1.30854e-66
77.7 -1.07522e-66
77.8 -8.83511e-67
77.9 -7.2598e-67
78 -5.96537e-67
78.1 -4.90174e-67
78.2 -4.02776e-67
78.3 -3.3096e-67
78.4 -2.7195e-67
78.5 -2.23461e-67
78.6 -1.83618e-67
78.7 -1.50878e-67
78.8 -1.23977e-67
78.9 -1.01871e-67
79 -8.37077e-68
79.1 -6.87825e-68
79.2 -5.65185e-68
79.3 -4.64412e-68
79.4 -3.81607e-68
79.5 -3.13566e-68
79.6 -2.57657e-68
79.7 -2.11717e-68
79.8 -1.73967e-68
79.9 -1.42949e-68
80 -1.17461e-68
80.1 -9.65175e-69
80.2 -7.93083e-69
80.3 -6.51676e-69
80.4 -5.35481e-69
80.5 -4.40005e-69
80.6 -3.61551e-69
80.7 -2.97086e-69
80.8 -2.44116e-69
80.9 -2.0059e-69
81 -1.64824e-69
81.1 -1.35436e-69
81.2 -1.11288e-69
81.3 -9.14449e-70
81.4 -7.51402e-70
81.5 -6.17426e-70
81.6 -5.07339e-70
81.7 -4.1688e-70
81.8 -3.4255e-70
81.9 -2.81473e-70
82 -2.31286e-70
82.1 -1.90047e-70
82.2 -1.56162e-70
82.3 -1.28318e-70
82.4 -1.05439e-70
82.5 -8.66389e-71
82.6 -7.11911e-71
82.7 -5.84977e-71
82.8 -4.80675e-71
82.9 -3.9497e-71
83 -3.24546e-71
83.1 -2.6668e-71
83.2 -2.1913e-71
83.3 -1.80059e-71
83.4 -1.47954e-71
83.5 -1.21574e-71
83.6 -9.98973e-72
83.7 -8.20855e-72
83.8 -6.74496e-72
83.9 -5.54233e-72
84 -4.55412e-72
84.1 -3.74212e-72
84.2 -3.0749e-72
84.3 -2.52664e-72
84.4 -2.07614e-72
84.5 -1.70596e-72
84.6 -1.40179e-72
84.7 -1.15185e-72
84.8 -9.46471e-73
84.9 -7.77714e-73
85 -6.39047e-73
85.1 -5.25104e-73
85.2 -4.31478e-73
85.3 -3.54545e-73
85.4 -2.91329e-73
85.5 -2.39385e-73
85.6 -1.96702e-73
85.7 -1.6163e-73
85.8 -1.32811e-73
85.9 -1.09131e-73
86 -8.96728e-74
86.1 -7.3684e-74
86.2 -6.05461e-74
86.3 -4.97507e-74
86.4 -4.08801e-74
86.5 -3.35911e-74
86.6 -2.76018e-74
86.7 -2.26804e-74
86.8 -1.86364e-74
86.9 -1.53135e-74
87 -1.25831e-74
87.1 -1.03395e-74
87.2 -8.49599e-75
87.3 -6.98115e-75
87.4 -5.7364e-75
87.5 -4.7136e-75
87.6 -3.87316e-75
87.7 -3.18257e-75
87.8 -2.61511e-75
87.9 -2.14884e-75
88 -1.7657e-75
88.1 -1.45087e-75
88.2 -1.19218e-75
88.3 -9.79613e-76
88.4 -8.04947e-76
88.5 -6.61424e-76
88.6 -5.43492e-76
88.7 -4.46587e-76
88.8 -3.6696e-76
88.9 -3.01531e-76
89 -2.47767e-76
89.1 -2.0359e-76
89.2 -1.6729e-76
89.3 -1.37462e-76
89.4 -1.12952e-76
89.5 -9.28129e-77
89.6 -7.62642e-77
89.7 -6.26663e-77
89.8 -5.14928e-77
89.9 -4.23116e-77
90 -3.47674e-77
90.1 -2.85683e-77
90.2 -2.34746e-77
90.3 -1.9289e-77
90.4 -1.58498e-77
90.5 -1.30237e-77
90.6 -1.07016e-77
90.7 -8.7935e-78
90.8 -7.22561e-78
90.9 -5.93728e-78
91 -4.87865e-78
91.1 -4.00879e-78
91.2 -3.29401e-78
91.3 -2.70669e-78
91.4 -2.22408e-78
91.5 -1.82753e-78
91.6 -1.50168e-78
91.7 -1.23393e-78
91.8 -1.01392e-78
91.9 -8.33134e-79
92 -6.84586e-79
92.1 -5.62523e-79
92.2 -4.62225e-79
92.3 -3.7981e-79
92.4 -3.12089e-79
92.5 -2.56444e-79
92.6 -2.10719e-79
92.7 -1.73148e-79
92.8 -1.42276e-79
92.9 -1.16908e-79
93 -9.60629e-80
93.1 -7.89348e-80
93.2 -6.48607e-80
93.3 -5.32959e-80
93.4 -4.37932e-80
93.5 -3.59848e-80
93.6 -2.95687e-80
93.7 -2.42966e-80
93.8 -1.99645e-80
93.9 -1.64048e-80
94 -1.34798e-80
94.1 -1.10763e-80
94.2 -9.10142e-81
94.3 -7.47863e-81
94.4 -6.14518e-81
94.5 -5.04949e-81
94.6 -4.14916e-81
94.7 -3.40936e-81
94.8 -2.80147e-81
94.9 -2.30197e-81
95 -1.89152e-81
95.1 -1.55426e-81
95.2 -1.27714e-81
95.3 -1.04942e-81
95.4 -8.62308e-82
95.5 -7.08558e-82
95.6 -5.82222e-82
95.7 -4.78411e-82
95.8 -3.9311e-82
95.9 -3.23018e-82
96 -2.65424e-82
96.1 -2.18098e-82
96.2 -1.79211e-82
96.3 -1.47258e-82
96.4 -1.21001e-82
96.5 -9.94268e-83
96.6 -8.16989e-83
96.7 -6.71319e-83
96.8 -5.51622e-83
96.9 -4.53267e-83
97 -3.72449e-83
97.1 -3.06041e-83
97.2 -2.51474e-83
97.3 -2.06636e-83
97.4 -1.69792e-83
97.5 -1.39518e-83
97.6 -1.14642e-83
97.7 -9.42013e-84
97.8 -7.74051e-84
97.9 -6.36037e-84
98 -5.22631e-84
98.1 -4.29445e-84
98.2 -3.52875e-84
98.3 -2.89957e-84
98.4 -2.38257e-84
98.5 -1.95776e-84
98.6 -1.60869e-84
98.7 -1.32186e-84
98.8 -1.08617e-84
98.9 -8.92504e-85
99 -7.3337e-85
99.1 -6.02609e-85
99.2 -4.95163e-85
99.3 -4.06875e-85
99.4 -3.34329e-85
99.5 -2.74718e-85
99.6 -2.25735e-85
99.7 -1.85487e-85
99.8 -1.52414e-85
99.9 -1.25239e-85
100 -1.02908e-85
